0 0.436458 0.392130 0.046875 0.076852
0 0.562240 0.322685 0.046354 0.080556
0 0.625521 0.621759 0.055208 0.091667
0 0.443490 0.493519 0.048438 0.087037
0 0.297917 0.552315 0.048958 0.095370
0 0.339844 0.768519 0.051562 0.081481
0 0.159635 0.354167 0.048438 0.082407
0 0.354167 0.463889 0.046875 0.094444
2 0.206250 0.445833 0.083333 0.084259
2 0.230469 0.813426 0.081771 0.139815
2 0.355469 0.649537 0.063021 0.158333
2 0.184635 0.260648 0.069271 0.106481
2 0.259115 0.331944 0.063021 0.086111
1 0.564844 0.450463 0.074479 0.078704
1 0.226302 0.529630 0.060937 0.101852
1 0.429427 0.585648 0.068229 0.102778
