2 0.591667 0.235648 0.070833 0.104630
2 0.351042 0.306481 0.058333 0.118519
2 0.513542 0.418056 0.067708 0.130556
2 0.530990 0.675926 0.089063 0.155556
2 0.526563 0.823611 0.073958 0.143519
2 0.673958 0.589815 0.060417 0.125926
0 0.689583 0.412963 0.058333 0.092593
0 0.613021 0.457407 0.050000 0.083333
0 0.348438 0.593981 0.057292 0.086111
1 0.317969 0.385185 0.052604 0.105556
1 0.342448 0.499537 0.056771 0.121296
1 0.301563 0.724537 0.083333 0.119444
1 0.419531 0.768519 0.094271 0.090741
1 0.648958 0.302778 0.054167 0.111111
