     0/299        0G   0.03602   0.00742  0.007851   0.05129         1       640         0         0         0         0         0         0         0
     0/299        0G   0.03485   0.00747  0.007845   0.05017         1       640         0         0         0         0         0         0         0
       0/4        0G   0.03602   0.00742  0.007851   0.05129         1       640         0         0         0         0         0         0         0
       1/4        0G   0.03554  0.007401  0.008089   0.05103         1       640         0         0         0         0         0         0         0
       2/4        0G   0.03578  0.007392  0.007988   0.05116         1       640         0         0         0         0         0         0         0
       3/4        0G   0.03577  0.007397  0.007576   0.05074         1       640         0         0         0         0         0         0         0
       4/4        0G   0.03681  0.007319  0.007283   0.05141         1       640         0         0         0         0    0.0526  0.008016   0.01327
     0/299        0G   0.05596   0.00774   0.01349   0.07719         7       640         0         0         0         0         0         0         0
     0/299        0G   0.05979  0.006744   0.01383   0.08037         7       640         0         0         0         0         0         0         0
     1/299        0G   0.05937  0.006757   0.01382   0.07995         7       640         0         0         0         0         0         0         0
     2/299        0G   0.05868  0.006779    0.0138   0.07925         7       640         0         0         0         0         0         0         0
     3/299        0G   0.05782  0.006806   0.01377    0.0784         7       640         0         0         0         0         0         0         0
     4/299        0G   0.05674  0.006843   0.01374   0.07732         7       640         0         0         0         0         0         0         0
     5/299        0G    0.0558  0.006876   0.01369   0.07637         7       640         0         0         0         0         0         0         0
     6/299        0G   0.05483  0.006911   0.01365   0.07539         7       640         0         0         0         0         0         0         0
     7/299        0G   0.05387  0.006947   0.01359   0.07441         7       640         0         0         0         0         0         0         0
     8/299        0G   0.05274  0.006994   0.01356    0.0733         7       640         0         0         0         0         0         0         0
     9/299        0G   0.05176  0.007026   0.01353   0.07231         7       640         0         0         0         0         0         0         0
    10/299        0G   0.05047  0.007078   0.01349   0.07103         7       640         0         0         0         0         0         0         0
    11/299        0G    0.0495  0.007101   0.01343   0.07003         7       640         0         0         0         0         0         0         0
    12/299        0G    0.0482  0.007153   0.01338   0.06873         7       640         0         0         0         0         0         0         0
    13/299        0G   0.04773  0.007147   0.01329   0.06817         7       640         0         0         0         0         0         0         0
    14/299        0G    0.0459  0.007215   0.01327   0.06638         7       640         0         0         0         0         0         0         0
    15/299        0G   0.04497  0.007237    0.0132    0.0654         7       640         0         0         0         0         0         0         0
    16/299        0G    0.0435  0.007275   0.01316   0.06393         7       640         0         0         0         0         0         0         0
    17/299        0G   0.04299   0.00729   0.01306   0.06334         7       640         0         0         0         0         0         0         0
    18/299        0G   0.04164  0.007311   0.01304   0.06199         7       640         0         0         0         0         0         0         0
    19/299        0G   0.04107  0.007341   0.01289   0.06129         7       640         0         0         0         0         0         0         0
    20/299        0G    0.0387  0.007425   0.01293   0.05905         7       640         0         0         0         0         0         0         0
     0/299        0G   0.05979  0.006744   0.01383   0.08037         7       640         0         0         0         0         0         0         0
     1/299        0G   0.05937  0.006757   0.01382   0.07995         7       640         0         0         0         0         0         0         0
     0/299        0G   0.05638  0.007735   0.01349   0.07761         7       640         0         0         0         0         0         0         0
     1/299        0G   0.05607  0.007769   0.01344   0.07727         7       640         0         0         0         0         0         0         0
     0/299        0G   0.05596   0.00774   0.01349   0.07719         7       640         0         0         0         0         0         0         0
     0/299        0G   0.05596   0.00774   0.01349   0.07719         7       640         0         0         0         0         0         0         0
     0/299        0G   0.05647  0.007994   0.01347   0.07793         7       640         0         0         0         0         0         0         0
